Warps:
  Spawn:
    X: 0.39576030311829463
    Y: 100.0
    Z: 0.6790776370594598
    Pitch: 1.2001615
    Yaw: -0.8861389
    World: world
  Loc1:
    X: 4.195258984678476
    Y: 100.0
    Z: 24.942820443500977
    Pitch: 31.95
    Yaw: -29.686108
    World: world
  Loc2:
    X: 17.931000706273323
    Y: 100.0
    Z: 24.750208627660587
    Pitch: 14.40002
    Yaw: -99.13609
    World: world
